position birthgen lifespan extinct.fixed
64 33 67 0
2577 80 20 0
2635 66 34 0
3901 54 46 0
4582 26 74 0
4652 99 1 0
5850 23 77 0
6788 15 85 0
9067 54 46 0
10657 57 43 0
11399 35 65 0
11472 75 25 0
11581 29 71 0
11854 76 24 0
12063 24 76 0
14234 19 81 0
16073 45 55 0
16664 51 49 0
17123 70 30 0
17322 22 78 0
17399 47 53 0
19830 81 19 0
20027 71 29 0
20123 59 41 0
20566 33 67 0
20896 49 51 0
21124 66 34 0
21562 27 73 0
22309 96 4 0
22517 78 22 0
22753 70 30 0
22899 39 61 0
23326 22 78 0
24671 33 67 0
24960 23 77 0
24986 68 32 0
25287 76 24 0
26465 7 93 0
26529 36 64 0
28441 73 27 0
28828 80 20 0
29696 47 53 0
29937 32 68 0
30740 84 16 0
31396 16 84 0
31610 44 56 0
31672 64 36 0
32033 75 25 0
32819 89 11 0
33079 3 97 0
33222 50 50 0
33657 19 81 0
34305 4 96 0
36027 88 12 0
36281 44 56 0
36322 65 35 0
36347 74 26 0
36914 90 10 0
37010 34 66 0
37598 69 31 0
37674 59 41 0
38688 69 31 0
38780 63 37 0
39014 19 81 0
39103 30 70 0
39440 65 35 0
39632 23 77 0
40297 69 31 0
42460 39 61 0
42763 46 54 0
42778 1 99 0
43074 87 13 0
45145 48 52 0
45785 31 69 0
46497 3 97 0
47224 36 64 0
48914 94 6 0
49015 11 89 0
49468 6 94 0
49594 98 2 0
50364 52 48 0
50565 27 73 0
52116 20 80 0
52830 16 84 0
52923 79 21 0
53205 28 72 0
53404 47 53 0
53619 51 49 0
54111 50 50 0
54154 17 83 0
54745 43 57 0
55625 45 55 0
55648 21 79 0
56305 5 95 0
57291 87 13 0
57561 96 4 0
58462 79 21 0
59427 54 46 0
60150 95 5 0
61434 69 31 0
62853 56 44 0
63515 76 24 0
63851 39 61 0
64040 24 76 0
64499 31 69 0
64637 77 23 0
66152 99 1 0
66715 37 63 0
66761 5 95 0
67344 64 36 0
67760 17 83 0
67788 34 66 0
68032 14 86 0
69017 52 48 0
69280 56 44 0
70169 67 33 0
70853 77 23 0
71160 12 88 0
72264 83 17 0
72644 1 99 0
72743 33 67 0
73784 84 16 0
73964 8 92 0
74820 93 7 0
74902 69 31 0
75010 51 49 0
75285 53 47 0
75594 8 92 0
76014 50 50 0
77163 52 48 0
77204 79 21 0
77261 15 85 0
78117 26 74 0
78537 40 60 0
78733 67 33 0
79099 41 59 0
79936 39 61 0
80683 89 11 0
80769 22 78 0
80929 89 11 0
81151 10 90 0
81170 68 32 0
81394 78 22 0
81711 28 72 0
82460 35 65 0
84187 60 40 0
84325 22 78 0
84680 64 36 0
84999 6 94 0
85451 70 30 0
86215 66 34 0
86366 10 90 0
86838 80 20 0
86849 35 65 0
86994 32 68 0
87310 68 32 0
88507 15 85 0
88955 8 92 0
89774 76 24 0
90411 81 19 0
90789 65 35 0
91004 72 28 0
91730 49 51 0
91882 8 92 0
91892 29 71 0
92092 78 22 0
92095 11 89 0
93420 85 15 0
93423 80 20 0
93459 82 18 0
93535 84 16 0
93794 40 60 0
94326 28 72 0
94355 93 7 0
95259 41 59 0
95937 82 18 0
96046 56 44 0
96609 21 79 0
96671 62 38 0
96995 50 50 0
98191 71 29 0
98524 83 17 0
98780 20 80 0
99580 98 2 0
100491 53 47 0
102447 40 60 0
102806 94 6 0
103487 49 51 0
104043 55 45 0
104242 16 84 0
104329 45 55 0
104860 14 86 0
105052 14 86 0
105082 9 91 0
105087 43 57 0
105819 0 100 0
105908 25 75 0
105932 2 98 0
106203 21 79 0
107483 22 78 0
107571 20 80 0
107857 15 85 0
107933 71 29 0
109256 75 25 0
109685 8 92 0
110730 39 61 0
111660 91 9 0
111721 28 72 0
111876 0 100 0
113143 3 97 0
114562 65 35 0
115231 75 25 0
115349 95 5 0
115880 16 84 0
116153 54 46 0
116356 72 28 0
117016 22 78 0
117451 68 32 0
118234 12 88 0
118279 42 58 0
118451 83 17 0
119822 22 78 0
120012 15 85 0
120506 17 83 0
121376 51 49 0
123671 76 24 0
123779 73 27 0
123881 29 71 0
125182 81 19 0
125531 86 14 0
125619 15 85 0
126227 9 91 0
126558 50 50 0
126774 41 59 0
127068 96 4 0
127221 91 9 0
127682 87 13 0
128237 9 91 0
128801 41 59 0
130262 4 96 0
130922 37 63 0
131006 64 36 0
131443 11 89 0
132131 57 43 0
132182 19 81 0
132730 19 81 0
133090 39 61 0
133291 47 53 0
134473 34 66 0
134548 50 50 0
134666 10 90 0
135668 19 81 0
135680 18 82 0
136447 8 92 0
136511 64 36 0
137224 80 20 0
137394 14 86 0
138916 28 72 0
139894 62 38 0
140098 96 4 0
140512 84 16 0
142377 4 96 0
143029 76 24 0
143239 9 91 0
143942 64 36 0
144411 18 82 0
144746 39 61 0
144820 24 76 0
145990 10 90 0
146187 60 40 0
146268 18 82 0
146864 33 67 0
147023 71 29 0
148256 6 94 0
148725 95 5 0
149539 95 5 0
149955 2 98 0
151331 39 61 0
151851 87 13 0
153048 81 19 0
153204 92 8 0
154473 23 77 0
154739 19 81 0
156751 4 96 0
157933 96 4 0
158153 12 88 0
159383 92 8 0
159423 18 82 0
160028 17 83 0
160414 92 8 0
160419 91 9 0
161083 4 96 0
161320 88 12 0
161389 70 30 0
162128 77 23 0
162236 20 80 0
163443 94 6 0
163754 89 11 0
164064 48 52 0
164681 57 43 0
165363 99 1 0
166245 85 15 0
166565 84 16 0
167036 33 67 0
167039 93 7 0
167509 35 65 0
167888 33 67 0
170799 55 45 0
170883 81 19 0
173042 10 90 0
173151 6 94 0
173327 75 25 0
174161 39 61 0
174480 55 45 0
176035 66 34 0
176137 76 24 0
176759 73 27 0
177378 64 36 0
177552 17 83 0
178404 27 73 0
179313 64 36 0
179919 9 91 0
180029 92 8 0
180506 73 27 0
180540 83 17 0
180951 76 24 0
181379 5 95 0
182993 90 10 0
183698 83 17 0
186407 12 88 0
187664 60 40 0
188236 90 10 0
189274 66 34 0
189433 83 17 0
189982 25 75 0
190071 62 38 0
190202 63 37 0
190373 48 52 0
190621 41 59 0
191053 85 15 0
191353 42 58 0
191555 8 92 0
192345 23 77 0
192585 54 46 0
193104 84 16 0
194985 12 88 0
195457 58 42 0
196213 18 82 0
196486 35 65 0
197212 52 48 0
197407 30 70 0
197713 72 28 0
198842 46 54 0
199532 43 57 0
199656 17 83 0
199893 41 59 0
199902 62 38 0
200549 38 62 0
200830 52 48 0
202172 30 70 0
202231 32 68 0
202244 9 91 0
202846 55 45 0
204093 67 33 0
204210 39 61 0
204279 11 89 0
204527 62 38 0
204863 56 44 0
205268 84 16 0
206926 2 98 0
207682 50 50 0
207726 1 99 0
208138 49 51 0
208626 88 12 0
208877 22 78 0
209792 78 22 0
209798 74 26 0
209959 22 78 0
210708 76 24 0
211203 77 23 0
211861 35 65 0
212367 56 44 0
212680 49 51 0
213075 91 9 0
213359 23 77 0
213770 10 90 0
214294 34 66 0
214906 51 49 0
215055 22 78 0
215060 10 90 0
215352 70 30 0
216707 75 25 0
217023 86 14 0
217207 12 88 0
217344 84 16 0
217677 7 93 0
217842 20 80 0
218781 26 74 0
219246 5 95 0
219329 13 87 0
219973 64 36 0
220026 2 98 0
220145 40 60 0
220447 82 18 0
221655 66 34 0
222793 45 55 0
222889 76 24 0
223363 67 33 0
226417 39 61 0
227775 61 39 0
228387 25 75 0
228922 46 54 0
229005 63 37 0
229773 71 29 0
230039 33 67 0
230849 60 40 0
231192 26 74 0
231658 12 88 0
232002 71 29 0
232442 24 76 0
233044 85 15 0
233162 56 44 0
233540 58 42 0
233547 66 34 0
233725 51 49 0
233786 53 47 0
234139 86 14 0
235315 38 62 0
235345 63 37 0
235503 60 40 0
235536 36 64 0
236024 60 40 0
236047 4 96 0
236379 61 39 0
237262 1 99 0
237399 81 19 0
237547 41 59 0
237606 85 15 0
237807 66 34 0
237963 81 19 0
238694 59 41 0
238957 77 23 0
239773 63 37 0
240687 23 77 0
241036 7 93 0
241383 16 84 0
241535 6 94 0
242218 84 16 0
244412 86 14 0
245452 19 81 0
245825 54 46 0
246312 87 13 0
247334 63 37 0
247565 30 70 0
248559 42 58 0
249210 86 14 0
249886 50 50 0
